6
2 1
100 20
200 10
2 2
100 20
200 10
3 2
100 10
100 10
100 10
4 2
9 3
7 1
10 1
8 4
1 1
3 3
90 35
1454 643
23454 567
345 34333
87867 12
345645 543
344276 67
87679 76
754 334
5457 222
546546 3333
454 8756
43 87
43 543
2345 1
76246 121
15 10
1454 643
23454 567
345 34333
87867 12
345645 543
344276 67
87679 76
754 334
5457 222
546546 3333
454 8756
43 87
43 543
2345 1
76246 121
15 10
1454 643
23454 567
345 34333
87867 12
345645 543
344276 67
87679 76
754 334
5457 222
546546 3333
454 8756
43 87
43 543
2345 1
76246 121
15 10
1454 643
23454 567
345 34333
87867 12
345645 543
344276 67
87679 76
754 334
5457 222
546546 3333
454 8756
43 87
43 543
2345 1
76246 121
15 10
1454 643
23454 567
345 34333
87867 12
345645 543
344276 67
87679 76
754 334
5457 222
546546 3333
454 8756
43 87
43 543
2345 1
76246 121
15 10
1454 643
23454 567
345 34333
87867 12
345645 543
344276 67
87679 76
754 334
5457 222
546546 3333
454 8756
43 87
43 543
2345 1
76246 121